4,0,0,1,1,0,0,5,2,0,0,0,1,0,0,0,1,7,25,0,0
28,0,1,2,1,0,0,2,2,0,0,0,1,0,0,0,1,4,12,0,0
3118,57,90,0,1,0,0,36,6,1,0,0,1,0,0,1,0,42,155,0,1
3680,52,13,0,1,0,0,6,1,0,0,0,1,0,0,1,0,7,25,0,0
4072,0,7,0,1,0,1,19,12,0,0,0,1,0,0,0,1,31,141,0,0
1962,0,16,0,1,0,0,13,4,0,0,0,1,0,0,0,1,17,70,0,0
1962,0,16,0,1,0,0,13,4,0,0,0,1,0,0,0,1,17,70,0,0
1962,0,16,0,1,0,0,13,4,0,0,0,1,0,0,0,1,17,70,0,0
3,0,3,0,1,0,0,0,0,0,0,0,1,0,0,0,1,0,0,0,0
2,0,1,0,1,0,0,0,0,0,0,0,1,0,0,0,1,0,0,0,0
2,0,1,0,1,0,0,0,0,0,0,0,1,0,0,0,1,0,0,0,0
2,0,1,0,1,0,0,0,0,0,0,0,1,0,0,0,1,0,0,0,0
2,0,1,0,1,0,0,0,0,0,0,0,1,0,0,0,1,0,0,0,0
2,0,1,0,1,0,0,0,0,0,0,0,1,0,0,0,1,0,0,0,0
2,0,1,0,1,0,0,0,0,0,0,0,1,0,0,0,1,0,0,0,0
102440,0,116,3,1,0,1,5,2,0,0,0,1,0,0,0,1,7,26,0,0
2,0,1,0,1,0,0,0,0,0,0,0,1,0,0,0,1,0,0,0,0
2,0,1,0,1,0,0,0,0,0,0,0,1,0,0,0,1,0,0,0,0
2,0,7,0,1,0,0,14,7,4,0,0,1,1,1,0,1,21,93,0,2
0,0,0,0,0,0,0,6,8,1,0,0,1,0,0,0,1,14,47,0,0
1,0,1,0,1,0,0,11,7,0,0,0,1,0,1,0,1,18,61,0,0
3,0,1,0,0,0,0,3,4,0,0,0,1,0,1,0,1,7,43,0,0
0,0,1,1,1,0,0,7,2,0,0,0,1,0,0,0,1,9,27,0,0
138,0,0,0,1,0,1,2,4,0,0,0,1,0,0,0,1,6,25,0,0
5792,0,20,0,1,0,0,0,0,0,0,0,1,1,0,0,1,0,0,0,0
721,0,5,0,1,0,0,7,5,0,0,0,1,0,0,0,1,12,70,0,1
3510,0,11,3,1,0,1,6,2,0,0,0,1,0,0,0,1,8,28,0,0
2,0,0,0,1,0,0,11,1,0,0,0,1,0,0,0,1,12,44,0,0
4,0,0,0,0,0,0,0,1,0,0,1,0,0,0,0,1,1,5,0,0
3,0,9,0,2,0,0,0,0,0,0,0,1,1,0,0,1,0,0,0,0
5,0,0,0,5,0,0,15,2,0,0,0,1,0,0,0,1,17,53,0,0
2,0,0,0,1,0,0,7,1,0,0,0,1,0,0,0,1,8,27,0,0
1178,0,9,0,0,0,1,22,4,0,0,0,1,0,0,0,1,26,83,1,2
1178,0,9,0,0,0,1,22,4,0,0,0,1,0,0,0,1,26,83,1,2
1178,0,9,0,0,0,1,22,4,0,0,0,1,0,0,0,1,26,83,1,2
2,0,2,0,0,0,0,15,12,0,0,0,1,0,0,0,1,27,119,0,4
706,0,8,0,0,0,2,48,29,10,0,0,1,0,0,0,1,77,279,1,9
3,0,9,0,2,0,0,0,0,0,0,0,1,1,0,0,1,0,0,0,0
3,0,5,0,0,0,0,6,1,0,0,0,1,0,0,0,1,7,25,1,0
3,0,3,0,1,0,0,0,0,0,0,0,1,0,0,0,1,0,0,0,0
3,0,6,0,1,0,0,0,0,0,0,0,1,0,0,0,1,0,0,0,0
2,0,0,0,1,0,0,10,3,0,0,0,1,0,0,0,1,13,37,0,0
6,0,0,0,1,0,0,0,0,0,0,0,1,0,0,0,1,0,0,0,0
6444,0,43,3,1,0,0,5,5,0,0,0,1,1,0,0,1,10,51,0,0
1,0,1,0,1,0,0,0,0,0,0,0,1,0,0,0,1,0,0,0,0
135,0,0,0,1,0,0,6,0,0,0,0,1,0,0,0,1,6,20,0,0
3,0,3,0,2,0,0,0,1,0,0,0,1,0,0,0,1,1,10,0,0
3,0,0,1,1,0,0,3,2,0,0,1,0,2,0,0,1,5,18,0,0
1140,0,11,1,1,0,0,15,8,0,0,0,1,0,0,0,1,23,101,1,0
7,0,1,0,1,0,0,4,0,0,0,0,1,0,0,0,1,4,12,0,0
5,0,1,0,1,0,0,0,0,0,0,0,1,0,0,0,1,0,0,0,0
5656,0,34,0,1,0,0,171,71,5,0,0,1,0,0,0,1,242,906,0,22
3,0,6,0,5,0,0,1,1,0,0,0,1,0,0,0,1,2,8,0,0
658,0,0,0,1,0,1,42,16,0,0,0,1,0,0,0,1,58,251,0,6
755,0,8,0,1,0,1,18,9,0,0,0,1,0,0,0,1,27,182,0,2
755,0,8,0,1,0,1,18,9,0,0,0,1,0,0,0,1,27,182,0,2
341,0,5,0,1,0,1,39,15,0,0,0,1,0,0,0,1,54,237,0,6
850,0,21,0,1,0,1,36,16,0,0,0,1,0,0,0,1,52,235,0,6
162,0,9,0,1,0,1,53,18,0,0,0,1,0,0,0,1,71,307,1,6
1042,0,68,0,1,0,2,30,14,3,0,0,1,0,0,0,1,44,252,0,2
640,0,18,0,1,0,1,41,9,0,0,0,1,0,0,0,1,50,269,1,2
1042,0,68,0,1,0,2,30,14,3,0,0,1,0,0,0,1,44,252,0,2
640,0,18,0,1,0,1,41,9,0,0,0,1,0,0,0,1,50,269,1,2
1042,0,68,0,1,0,2,30,14,3,0,0,1,0,0,0,1,44,252,0,2
49,0,5,0,0,0,0,8,2,0,0,0,1,0,0,0,1,10,36,0,0
2538,0,10,0,1,0,0,9,1,0,0,0,1,1,0,0,1,10,37,0,0
3,0,5,0,0,0,0,6,1,0,0,0,1,0,0,0,1,7,25,1,0
3637,0,60,0,1,0,1,23,8,1,0,0,1,0,0,0,1,31,198,0,2
3908,0,56,0,1,0,1,47,22,0,0,0,1,0,0,0,1,69,294,0,6
3,0,6,0,1,0,0,0,0,0,0,0,1,0,0,0,1,0,0,0,0
1157,0,14,0,1,0,1,35,17,0,0,0,1,0,0,0,1,52,237,0,6
17682,0,104,0,1,0,0,0,0,0,0,0,1,0,0,0,1,0,0,0,0
0,0,0,0,1,0,0,24,7,0,0,0,1,0,0,0,1,31,101,0,4
2206,0,37,0,1,0,1,19,8,0,0,0,1,0,0,0,1,27,182,0,2
2206,0,37,0,1,0,1,19,8,0,0,0,1,0,0,0,1,27,182,0,2
0,0,0,0,1,0,0,24,7,0,0,0,1,0,0,0,1,31,101,0,4
5,0,0,0,1,0,1,104,32,17,0,0,1,0,0,0,1,136,465,0,2
235,0,6,0,1,0,1,66,21,0,0,0,1,0,0,0,1,87,383,0,6
0,0,0,1,0,0,0,0,2,0,0,0,1,0,0,0,1,2,16,0,0
308,0,16,0,1,0,1,25,9,0,0,0,1,0,0,0,1,34,201,0,2
851,0,14,0,1,0,1,36,18,0,0,0,1,0,0,0,1,54,238,0,6
17231,0,223,0,1,0,0,20,8,6,0,0,1,0,0,0,1,28,101,0,0
2703,0,131,0,0,1,0,7,9,0,0,0,1,0,0,0,1,16,156,0,0
5,0,0,0,1,0,0,0,2,0,0,0,1,0,0,0,1,2,10,0,0
5489,0,49,0,1,0,0,11,3,0,0,0,1,0,0,0,1,14,76,0,0
143,0,8,0,1,0,1,17,9,0,0,0,1,0,0,0,1,26,180,0,2
6,0,0,0,0,0,0,70,20,5,0,0,1,0,0,0,1,90,361,0,6
7,0,0,0,4,0,0,36,15,12,0,0,1,0,0,0,1,51,214,0,4
247,0,5,0,1,0,1,56,20,0,0,0,1,0,0,0,1,76,315,0,6
247,0,5,0,1,0,1,56,20,0,0,0,1,0,0,0,1,76,315,0,6
2,0,0,0,2,0,1,57,29,4,0,0,1,0,0,0,1,86,301,0,8
45600,0,677,0,0,1,0,5,1,0,0,0,1,0,0,0,1,6,20,0,0
8844,0,13,3,1,0,1,12,3,1,0,0,1,0,0,0,1,15,48,0,0
104,0,0,0,1,0,1,21,10,0,0,0,1,0,0,0,1,31,213,0,2
8844,0,13,3,1,0,1,12,3,1,0,0,1,0,0,0,1,15,48,0,0
2182,0,43,0,1,0,1,21,8,0,0,0,1,0,0,0,1,29,202,0,2
8844,0,13,3,1,0,1,12,3,1,0,0,1,0,0,0,1,15,48,0,0
2182,0,43,0,1,0,1,21,8,0,0,0,1,0,0,0,1,29,202,0,2
2182,0,43,0,1,0,1,21,8,0,0,0,1,0,0,0,1,29,202,0,2
2182,0,43,0,1,0,1,21,8,0,0,0,1,0,0,0,1,29,202,0,2
2182,0,43,0,1,0,1,21,8,0,0,0,1,0,0,0,1,29,202,0,2
2182,0,43,0,1,0,1,21,8,0,0,0,1,0,0,0,1,29,202,0,2
2182,0,43,0,1,0,1,21,8,0,0,0,1,0,0,0,1,29,202,0,2
2182,0,43,0,1,0,1,21,8,0,0,0,1,0,0,0,1,29,202,0,2
3909,0,56,0,1,0,1,47,22,0,0,0,1,0,0,0,1,69,294,0,6
3,0,0,0,1,0,0,6,8,0,0,0,1,0,0,0,1,14,63,0,0
0,0,6,0,1,0,1,12,2,0,0,0,1,0,0,0,1,14,65,0,0
3909,0,56,0,1,0,1,47,22,0,0,0,1,0,0,0,1,69,294,0,6
1845,0,7,0,1,0,1,19,5,2,0,0,1,0,0,0,1,24,88,0,0
3909,0,56,0,1,0,1,47,22,0,0,0,1,0,0,0,1,69,294,0,6
3909,0,56,0,1,0,1,47,22,0,0,0,1,0,0,0,1,69,294,0,6
3909,0,56,0,1,0,1,47,22,0,0,0,1,0,0,0,1,69,294,0,6
3909,0,56,0,1,0,1,47,22,0,0,0,1,0,0,0,1,69,294,0,6
3909,0,56,0,1,0,1,47,22,0,0,0,1,0,0,0,1,69,294,0,6
3909,0,56,0,1,0,1,47,22,0,0,0,1,0,0,0,1,69,294,0,6
3909,0,56,0,1,0,1,47,22,0,0,0,1,0,0,0,1,69,294,0,6
3909,0,56,0,1,0,1,47,22,0,0,0,1,0,0,0,1,69,294,0,6
407,0,7,0,1,0,1,45,24,2,0,0,1,0,0,0,1,69,300,0,9
25,0,1,0,1,0,0,71,31,6,0,0,1,0,0,0,1,102,371,0,5
1246,0,33,0,1,0,0,37,10,0,0,0,1,0,0,0,1,47,179,0,2
342,0,5,0,1,0,1,39,15,0,0,0,1,0,0,0,1,54,237,0,6
25,0,1,0,1,0,0,71,31,6,0,0,1,0,0,0,1,102,371,0,5
25,0,1,0,1,0,0,71,31,6,0,0,1,0,0,0,1,102,371,0,5
25,0,1,0,1,0,0,71,31,6,0,0,1,0,0,0,1,102,371,0,5
25,0,1,0,1,0,0,71,31,6,0,0,1,0,0,0,1,102,371,0,5
2,0,0,0,1,0,0,4,2,0,0,0,1,0,0,0,1,6,19,0,0
3,0,1,0,0,1,0,3,0,0,0,0,1,0,0,0,1,3,10,0,0
2976,0,32,0,1,0,0,6,9,0,0,0,1,0,0,0,1,15,85,0,1
148,0,2,0,4,0,4,4,11,7,0,0,1,0,0,0,1,15,100,0,0
2,0,1,0,1,0,0,0,0,0,0,0,1,0,0,0,1,0,0,0,0
3317,0,48,0,1,0,2,22,16,3,0,0,1,0,0,0,1,38,239,0,2
4971,0,28,0,1,0,1,15,11,0,0,0,1,0,0,0,1,26,98,0,8
3654,0,60,0,1,0,1,23,8,1,0,0,1,0,0,0,1,31,198,0,2
0,0,0,0,1,0,0,0,0,0,0,0,1,0,0,0,1,0,0,0,0
857,0,14,0,1,0,1,36,18,0,0,0,1,0,0,0,1,54,238,0,6
19,0,0,0,1,0,0,0,0,0,0,0,1,0,0,0,1,0,0,0,0
60,0,0,0,1,0,0,0,0,0,0,0,1,0,0,0,1,0,0,0,0
15,0,0,0,1,0,0,0,0,0,0,0,1,0,0,0,1,0,0,0,0
6,0,0,0,1,0,0,4,1,0,0,0,1,0,0,0,1,5,17,0,1
79199,0,1194,0,1,0,0,13,4,0,0,0,1,0,0,0,1,17,54,1,0
3,0,1,0,2,0,0,0,0,0,0,0,1,1,0,0,1,0,0,0,0
11227,0,507,0,1,0,0,15,3,2,0,0,1,0,0,0,1,18,66,0,0
263,0,2,0,1,0,1,5,1,0,0,0,1,0,0,0,1,6,20,0,0
4,0,0,0,1,0,0,4,5,0,0,0,1,0,0,0,1,9,38,0,0
0,0,0,0,1,0,0,0,0,0,0,0,1,0,0,0,1,0,0,0,0
651,0,8,0,1,0,0,6,0,0,0,0,1,0,0,0,1,6,23,0,0
36168,0,593,0,1,0,0,16,6,1,0,0,1,0,0,0,1,22,90,0,0
52661,0,2483,0,1,0,0,11,1,0,0,0,1,0,0,0,1,12,44,0,1
979,0,0,0,1,0,1,23,4,1,0,0,1,0,0,0,1,27,108,0,0
14675,0,219,0,1,0,1,9,4,0,0,0,1,0,0,0,1,13,62,0,0
14675,0,219,0,1,0,1,9,4,0,0,0,1,0,0,0,1,13,62,0,0
28841,0,92,0,1,0,0,10,2,0,0,0,1,0,0,0,1,12,48,0,0
1,0,0,0,1,0,0,3,5,3,0,0,1,0,0,0,1,8,35,0,0
3704,0,46,6,2,0,0,19,8,0,0,0,1,0,0,0,1,27,122,0,0
3097,0,60,0,0,1,1,4,14,1,0,0,1,0,0,0,1,18,81,0,1
2187,0,43,0,1,0,1,21,8,0,0,0,1,0,0,0,1,29,202,0,2
2187,0,43,0,1,0,1,21,8,0,0,0,1,0,0,0,1,29,202,0,2
3,0,7,0,1,0,0,0,0,0,0,0,1,0,0,0,1,0,0,0,0
0,0,0,0,2,0,0,71,32,6,0,0,1,0,0,0,1,103,363,5,4
0,0,0,0,2,0,0,71,32,6,0,0,1,0,0,0,1,103,363,5,4
1147,0,77,0,1,0,2,30,14,3,0,0,1,0,0,0,1,44,252,0,2
3,0,1,0,1,0,0,0,0,0,0,0,1,0,0,0,1,0,0,0,0
441,0,3,0,1,0,3,16,15,3,0,0,1,0,0,0,1,31,117,0,2
1,0,3,0,1,0,0,6,0,0,0,0,1,0,0,0,1,6,21,0,0
88338,0,136,1,1,0,1,61,34,20,0,0,1,1,0,0,1,95,353,0,2
51467,0,573,2,2,0,0,6,3,0,0,0,1,0,0,0,1,9,40,0,0
1143,0,7,0,1,0,1,10,13,0,0,0,1,0,0,0,1,23,83,0,2
0,0,0,0,1,0,0,0,0,0,0,0,1,0,0,0,1,0,0,0,0
5,0,0,1,1,0,0,84,46,25,0,0,1,0,0,0,1,130,532,0,2
1,0,0,0,1,0,0,3,5,3,0,0,1,0,0,0,1,8,35,0,0
603,0,0,0,1,0,0,0,0,0,0,0,1,0,0,0,1,0,0,0,0
0,0,0,0,1,0,0,0,0,0,0,0,1,0,0,0,1,0,0,0,0
1143,0,7,0,1,0,1,10,13,0,0,0,1,0,0,0,1,23,83,0,2
255,0,3,3,1,0,0,11,5,3,0,0,1,0,0,0,1,16,60,0,0
37,0,3,0,1,0,0,21,8,2,0,0,1,0,0,0,1,29,121,0,0
0,0,0,0,0,0,0,3,0,0,0,0,1,0,0,0,1,3,16,0,0
2,0,0,0,1,0,0,8,3,0,0,0,1,0,0,0,1,11,43,0,0
518,0,5,0,1,0,0,10,10,3,0,0,1,0,0,0,1,20,90,0,1
3,0,7,0,1,0,0,0,0,0,0,0,1,0,0,0,1,0,0,0,0
774,0,6,0,1,0,0,23,3,0,0,0,1,0,0,0,1,26,112,0,0
8,0,1,0,1,0,0,2,5,4,0,0,1,0,0,0,1,7,23,0,0
3046,0,13,3,1,0,0,9,2,0,0,0,1,0,0,0,1,11,42,0,0
2244,0,75,0,1,0,0,37,10,0,0,0,1,0,0,0,1,47,179,0,2
3,0,4,0,1,0,0,0,0,0,0,0,1,0,0,0,1,0,0,0,0
1082,0,92,0,1,0,0,15,7,2,0,0,1,0,0,0,1,22,88,0,0
1,0,0,0,1,0,0,0,0,0,0,0,1,0,0,0,1,0,0,0,0
1,0,0,0,1,0,0,0,0,0,0,0,1,0,0,0,1,0,0,0,0
12019,0,13,0,1,0,0,40,13,1,0,0,1,0,0,0,1,53,187,0,0
55,0,5,0,1,0,0,8,5,0,0,0,1,0,0,0,1,13,46,0,1
1,0,0,0,1,0,0,0,0,0,0,0,1,0,0,0,1,0,0,0,0
1,0,0,0,1,0,0,0,0,0,0,0,1,0,0,0,1,0,0,0,0
1,0,0,0,1,0,0,0,0,0,0,0,1,0,0,0,1,0,0,0,0
214337,0,3096,1,1,0,0,83,22,0,0,0,1,0,0,0,1,105,354,0,7
459,0,4,0,4,0,0,101,49,25,0,0,1,0,0,0,1,150,576,0,0
1,0,0,0,1,0,0,0,0,0,0,0,1,0,0,0,1,0,0,0,0
11,0,0,0,1,0,0,4,1,0,0,0,1,0,0,0,1,5,18,0,0
1,0,0,0,1,0,0,0,0,0,0,0,1,0,0,0,1,0,0,0,0
122,0,2,0,1,0,0,13,2,2,0,0,1,0,0,0,1,15,63,0,0
121,0,2,0,3,0,0,0,0,0,0,0,1,1,0,0,1,0,0,0,0
5,0,15,0,1,0,0,23,3,0,0,0,1,0,0,0,1,26,101,0,0
1858,0,220,0,1,0,2,90,38,6,0,0,1,0,0,0,1,128,570,0,0
5793,0,22,0,1,0,0,10,5,4,0,0,1,0,0,0,1,15,63,0,0
3,0,6,0,5,0,0,1,1,0,0,0,1,0,0,0,1,2,8,0,0
1795,0,36,0,1,0,0,17,6,0,0,0,1,0,0,0,1,23,85,0,0
31274,0,98,0,1,0,0,10,2,0,0,0,1,0,0,0,1,12,48,0,0
51583,0,1722,0,1,0,0,14,4,0,0,0,1,0,0,0,1,18,60,0,0
51,0,7,0,1,0,0,12,4,0,0,0,1,0,0,0,1,16,62,0,2
1846,0,31,0,1,0,1,9,9,0,0,0,1,0,0,0,1,18,66,0,2
2,0,15,1,1,0,0,0,1,0,0,0,1,0,0,0,1,1,2,0,0
23,0,0,0,1,0,0,17,3,0,0,0,1,0,0,0,1,20,91,0,0
2,0,0,0,4,0,0,0,0,0,0,0,1,0,0,0,1,0,0,0,0
1708,0,2,0,1,0,1,4,14,4,0,0,1,0,0,0,1,18,92,0,2
7553,0,18,0,1,0,0,28,10,5,0,0,1,0,0,0,1,38,156,0,0
3,0,0,0,1,0,0,0,0,0,0,0,1,0,0,0,1,0,0,0,0
1,0,8,0,1,0,0,43,3,0,0,0,1,0,0,0,1,46,189,0,0
5010,0,35,0,0,1,0,0,2,0,0,0,1,0,0,0,1,2,15,0,0
7,0,0,0,1,0,0,6,2,0,0,0,1,0,0,0,1,8,46,0,0
2,0,0,0,1,0,0,12,0,0,0,0,1,0,0,0,1,12,37,0,0
17,0,0,0,4,0,1,42,16,7,0,0,1,0,0,0,1,58,235,0,2
196,0,7,0,5,0,0,0,0,0,0,0,1,1,0,0,1,0,0,0,0
340,0,0,0,1,0,0,11,2,0,0,0,1,0,0,0,1,13,62,0,0
1,0,0,0,1,0,0,0,2,0,0,0,1,0,0,0,1,2,10,0,0
1,0,0,0,0,1,0,3,1,0,0,0,1,0,0,0,1,4,20,0,0
3,1,3,1,1,0,0,21,10,1,0,0,1,0,0,0,1,31,120,0,0
33,0,0,1,2,0,4,92,35,0,0,0,1,0,0,0,1,127,627,0,0
33,0,0,1,2,0,4,92,35,0,0,0,1,0,0,0,1,127,627,0,0
221,0,0,0,1,0,0,0,0,0,0,0,1,0,0,0,1,0,0,0,0
1,0,0,0,1,0,0,0,0,0,0,0,1,0,0,0,1,0,0,0,0
181,0,6,0,1,0,0,304,33,4,0,0,1,0,0,0,1,337,1295,0,0
1,0,0,2,0,0,0,16,5,0,0,0,1,0,0,0,1,21,75,0,2
1,0,0,0,0,0,0,0,0,0,0,0,1,0,0,0,1,0,0,0,0
27465,0,486,0,1,0,0,9,11,3,0,0,1,0,0,0,1,20,76,0,1
584,0,6,0,1,0,10,340,155,87,0,0,1,1,0,0,1,495,2005,0,0
2,0,0,0,4,0,0,0,0,0,0,0,1,0,0,0,1,0,0,0,0
18872,0,1876,1,0,1,1,23,11,0,0,0,1,0,0,0,1,34,130,0,0
1,0,0,1,1,0,0,5,2,0,0,1,0,0,0,0,1,7,22,0,0
104,0,0,3,1,0,2,2,2,0,0,0,1,0,0,0,1,4,11,0,1
7,0,0,0,1,0,0,21,0,0,0,0,1,0,0,0,1,21,87,0,0
29,0,2,0,2,0,0,12,3,0,0,0,1,0,0,0,1,15,53,1,0
3082,0,33,0,1,0,1,10,3,0,0,0,1,0,0,0,1,13,74,0,0
30,0,0,0,1,0,1,10,4,0,0,0,1,0,0,0,1,14,48,0,0
21,0,0,0,1,0,0,4,6,2,0,0,1,0,0,0,1,10,28,0,0
177,0,3,0,1,0,1,183,39,11,0,0,1,0,0,0,1,222,1063,3,2
3,0,1,0,1,0,0,6,4,0,0,0,1,0,0,0,1,10,40,0,0
1190,0,0,2,1,0,0,7,2,0,0,0,1,0,0,0,1,9,34,0,0
7151,0,41,1,1,0,0,15,6,0,0,0,1,0,0,0,1,21,70,0,0
159,0,0,0,1,0,0,21,2,0,0,0,1,0,0,0,1,23,85,0,0
5335,0,21,0,4,0,0,26,15,7,0,1,0,0,0,0,1,41,162,0,3
172,0,13,0,1,0,0,17,15,20,0,0,1,0,0,0,1,32,117,0,0
6,0,0,0,1,0,0,0,0,0,0,0,1,0,0,0,1,0,0,0,0
2073,0,22,0,1,0,1,18,2,0,0,0,1,0,0,0,1,20,74,0,0
117,0,0,0,1,0,0,297,57,30,0,0,1,0,0,0,1,354,1440,0,0
117,0,0,0,1,0,0,297,57,30,0,0,1,0,0,0,1,354,1440,0,0
117,0,0,0,1,0,0,297,57,30,0,0,1,0,0,0,1,354,1440,0,0
2,0,1,0,1,0,0,0,0,0,0,0,1,0,0,0,1,0,0,0,0
117,0,0,0,1,0,0,297,57,30,0,0,1,0,0,0,1,354,1440,0,0
211,0,3,16,1,0,2,5,5,0,0,1,0,0,0,0,1,10,48,0,2
117,0,0,0,1,0,0,297,57,30,0,0,1,0,0,0,1,354,1440,0,0
117,0,0,0,1,0,0,297,57,30,0,0,1,0,0,0,1,354,1440,0,0
7,0,0,0,1,0,0,127,55,16,0,0,1,0,0,0,1,182,754,0,4
117,0,0,0,1,0,0,297,57,30,0,0,1,0,0,0,1,354,1440,0,0
589,0,14,0,4,0,0,29,26,11,0,0,1,0,0,0,1,55,226,0,0
589,0,14,0,4,0,0,29,26,11,0,0,1,0,0,0,1,55,226,0,0
589,0,14,0,4,0,0,29,26,11,0,0,1,0,0,0,1,55,226,0,0
1351,0,3,0,1,0,1,4,3,0,0,0,1,0,0,0,1,7,27,0,1
589,0,14,0,4,0,0,29,26,11,0,0,1,0,0,0,1,55,226,0,0
2,0,2,0,0,1,0,2,1,0,0,0,1,0,0,0,1,3,11,0,0
4695,0,46,0,1,0,0,1,1,0,0,0,1,0,0,0,1,2,9,0,0
10,0,0,1,0,0,0,11,11,7,0,0,1,0,1,0,1,22,65,0,1
1323,0,15,8,1,0,2,19,28,10,0,0,1,0,0,0,1,47,286,0,0
18,0,2,0,2,0,0,2,4,3,0,0,1,0,0,0,1,6,28,0,0
463,0,4,0,4,0,0,101,49,25,0,0,1,0,0,0,1,150,576,0,0
2,0,6,0,5,0,0,1,1,0,0,0,1,0,0,0,1,2,8,0,0
76902,0,684,0,1,0,0,17,7,0,0,0,1,0,0,0,1,24,78,2,0
3,0,1,0,1,0,0,2,6,2,0,0,1,0,0,0,1,8,16,0,0
25,0,13,0,1,0,2,17,8,2,0,0,1,0,0,0,1,25,96,0,0
3,0,0,0,0,1,0,0,0,0,0,0,1,0,1,0,1,0,0,0,0
2,15,10,0,1,0,0,398,48,4,0,0,1,0,0,0,1,446,1740,0,0
4,0,0,0,0,1,0,0,0,0,0,0,1,0,0,0,1,0,0,0,0
3,0,0,0,0,1,0,0,0,0,0,0,1,0,0,0,1,0,0,0,0
224,0,24,0,1,0,2,10,6,2,0,0,1,0,0,0,1,16,57,0,0
2,21,7,0,1,0,0,109,28,5,0,0,1,0,0,0,1,137,564,0,0
2,1,12,0,1,0,0,177,47,13,0,0,1,0,0,0,1,224,959,0,0
1,1,23,0,2,0,2,10,9,5,0,0,1,0,0,0,1,19,58,3,0
1,23,9,0,1,0,0,0,0,0,0,0,1,0,0,0,1,0,0,0,0
0,0,0,0,5,0,0,0,0,0,0,0,1,1,0,0,1,0,0,0,0
2,30,8,0,0,0,0,141,13,0,0,0,1,0,0,0,1,154,614,0,0
249,3,5,1,3,0,2,0,1,0,0,0,1,0,0,0,1,1,2,0,0
1,0,6,0,0,0,0,42,16,8,0,0,1,0,0,0,1,58,206,0,0
1,15,10,0,5,0,2,186,49,2,0,0,1,0,0,0,1,235,918,1,0
3,0,3,0,1,0,0,0,0,0,0,0,1,0,0,0,1,0,0,0,0
1,0,25,0,1,0,0,0,0,0,0,0,1,0,0,0,1,0,0,0,0
0,0,0,1,1,0,0,1,4,0,0,0,1,0,0,0,1,5,24,0,0
2,0,17,0,0,0,0,19,45,11,0,0,1,0,0,0,1,64,244,0,0
3,0,0,1,1,0,0,1,4,0,0,0,1,0,0,0,1,5,24,0,0
3,0,14,1,1,0,0,1,4,0,0,0,1,0,0,0,1,5,24,0,0
3,0,9,0,1,0,0,16,2,1,0,0,1,0,0,0,1,18,58,0,0
0,0,0,0,1,0,0,13,1,0,0,1,0,0,0,0,1,14,47,0,0
2,0,0,0,0,0,0,3,0,0,0,0,1,0,0,0,1,3,14,0,0
374,0,7,0,1,0,1,12,12,2,0,0,1,0,0,0,1,24,123,0,0
3,0,3,0,1,0,0,0,0,0,0,0,1,0,0,0,1,0,0,0,0
3,0,3,0,1,0,0,0,0,0,0,0,1,0,0,0,1,0,0,0,0
3,0,0,0,1,0,0,0,0,0,0,0,1,0,0,0,1,0,0,0,0
3892,0,11,0,1,0,5,33,17,0,0,0,1,0,0,0,1,50,271,0,0
1,0,0,0,1,0,0,0,0,0,0,0,1,0,0,0,1,0,0,0,0
1,0,0,0,1,0,0,0,0,0,0,0,1,0,0,0,1,0,0,0,0
1,0,0,0,1,0,0,0,0,0,0,0,1,0,0,0,1,0,0,0,0
1,0,0,0,1,0,0,0,0,0,0,0,1,0,0,0,1,0,0,0,0
1,0,0,0,1,0,0,0,0,0,0,0,1,0,0,0,1,0,0,0,0
1,0,0,0,1,0,0,0,0,0,0,0,1,0,0,0,1,0,0,0,0
211,0,19,1,0,0,0,4,5,1,0,0,1,0,0,0,1,9,36,0,0
2,0,0,0,0,0,0,5,6,10,0,0,1,0,0,0,1,11,46,0,0
1,0,0,0,1,0,0,1,1,0,0,0,1,0,0,0,1,2,6,0,0
3,0,0,0,0,0,0,8,1,0,0,1,0,1,0,0,1,9,39,0,0
1,0,1,3,1,0,0,3,4,0,0,1,0,2,0,0,1,7,31,0,0
1,0,0,1,1,0,0,11,1,0,0,0,1,0,0,0,1,12,37,0,0
1,0,0,0,1,0,0,18,6,2,0,0,1,0,0,0,1,24,94,0,0
5711,0,140,0,1,0,1,14,3,0,0,0,1,0,0,0,1,17,62,1,0
169,0,11,0,1,0,0,11,6,0,0,0,1,0,0,0,1,17,74,1,0
415,0,9,0,4,0,0,57,18,13,0,0,1,0,0,0,1,75,311,0,0
53,0,0,0,1,0,1,16,24,24,0,0,1,0,0,0,1,40,211,0,0
228,0,4,0,4,0,1,68,16,4,0,1,0,0,0,0,1,84,334,0,0
1,0,0,0,1,0,0,0,0,0,0,0,1,1,0,0,1,0,0,0,0
3,0,0,0,1,0,0,10,1,3,0,0,1,0,0,0,1,11,32,0,0
200,0,5,0,1,0,1,62,18,10,0,0,1,0,0,0,1,80,397,0,0
1730,0,25,0,1,0,0,11,2,0,0,0,1,0,0,0,1,13,46,0,0
1730,0,25,0,1,0,0,11,2,0,0,0,1,0,0,0,1,13,46,0,0
253,0,4,0,1,0,0,5,27,22,0,0,1,0,0,0,1,32,104,0,0
3,0,0,0,4,0,0,112,17,17,0,0,1,0,0,0,1,129,478,0,0
40053,0,565,0,1,0,0,32,4,2,0,0,1,0,0,0,1,36,120,0,0
1,2,20,0,3,0,0,17,1,0,0,0,1,0,0,0,1,18,66,0,0
0,0,0,0,4,0,0,29,8,8,0,0,1,0,0,0,1,37,151,0,0
67644,0,1696,0,1,0,0,221,47,35,0,0,1,0,0,0,1,268,939,0,0
67644,0,1696,0,1,0,0,221,47,35,0,0,1,0,0,0,1,268,939,0,0
166138,0,3470,0,4,0,0,282,50,33,0,0,1,0,0,0,1,332,1222,0,0
220865,0,4285,0,4,0,0,252,35,14,0,0,1,0,0,0,1,287,1037,0,0
404755,0,14477,0,4,0,0,243,55,21,0,0,1,0,0,0,1,298,1102,0,0
367586,0,14099,0,4,0,0,353,34,6,0,0,1,0,0,0,1,387,1370,0,0
562984,0,31662,0,4,0,0,478,62,41,0,0,1,0,0,0,1,540,1922,0,0
1498,38,32,1,1,0,0,19,8,1,0,0,1,0,0,1,0,27,123,0,0
9082,0,216,1,0,1,4,10,6,0,0,0,1,0,0,0,1,16,87,0,0
0,0,0,0,1,0,0,9,7,2,0,0,1,0,0,0,1,16,78,0,0
64,0,2,0,1,0,0,25,5,0,0,0,1,0,1,0,1,30,107,0,2
9082,0,216,1,0,1,4,10,6,0,0,0,1,0,0,0,1,16,87,0,0
2544,0,55,0,1,0,0,15,3,1,0,0,1,0,0,0,1,18,59,0,0
46459,0,384,2,4,0,2,2,2,0,0,0,1,0,0,0,1,4,18,0,0
3,0,0,0,1,0,0,9,7,2,0,0,1,0,0,0,1,16,78,0,0
3,0,2,0,0,0,0,1,2,0,0,0,1,0,0,0,1,3,16,0,0
15220,0,144,0,10,0,6,134,55,13,0,0,1,0,0,0,1,189,794,0,5
1130,0,181,3,1,0,1,17,14,10,0,0,1,0,0,0,1,31,142,0,0
3518,0,97,2,1,0,0,12,11,6,0,0,1,0,0,0,1,23,90,0,0
11130,0,401,4,1,0,0,24,3,0,0,0,1,0,0,0,1,27,125,0,0
7,0,0,0,1,0,0,1,3,0,0,0,1,0,0,0,1,4,27,0,0
30851,0,476,0,1,0,0,14,5,0,0,0,1,0,0,0,1,19,72,0,1
72292,0,847,0,1,0,1,25,9,0,0,0,1,0,0,0,1,34,132,0,0
7549,0,558,4,1,0,0,19,4,0,0,0,1,0,0,0,1,23,99,1,0
134389,0,522,0,1,0,0,7,4,3,0,0,1,0,0,0,1,11,45,0,1
2438,290,5,0,1,0,0,12,6,0,0,0,1,0,0,1,0,18,75,0,3
1,0,3,1,1,0,0,7,5,0,0,1,0,0,0,0,1,12,47,0,0
1344,0,2,0,1,0,0,52,33,55,0,0,1,0,0,0,1,85,331,0,0
1,0,3,1,1,0,0,7,5,0,0,1,0,0,0,0,1,12,47,0,0
1344,0,2,0,1,0,0,52,33,55,0,0,1,0,0,0,1,85,331,0,0
1,0,3,1,1,0,0,7,5,0,0,1,0,0,0,0,1,12,47,0,0
1344,0,2,0,1,0,0,52,33,55,0,0,1,0,0,0,1,85,331,0,0
1,0,3,1,1,0,0,7,5,0,0,1,0,0,0,0,1,12,47,0,0
1344,0,2,0,1,0,0,52,33,55,0,0,1,0,0,0,1,85,331,0,0
1,0,3,1,1,0,0,7,5,0,0,1,0,0,0,0,1,12,47,0,0
1344,0,2,0,1,0,0,52,33,55,0,0,1,0,0,0,1,85,331,0,0
1,0,3,1,1,0,0,7,5,0,0,1,0,0,0,0,1,12,47,0,0
1344,0,2,0,1,0,0,52,33,55,0,0,1,0,0,0,1,85,331,0,0
1,0,3,1,1,0,0,7,5,0,0,1,0,0,0,0,1,12,47,0,0
1,0,3,1,1,0,0,7,5,0,0,1,0,0,0,0,1,12,47,0,0
1,0,3,1,1,0,0,7,5,0,0,1,0,0,0,0,1,12,47,0,0
1,0,3,1,1,0,0,7,5,0,0,1,0,0,0,0,1,12,47,0,0
1,0,3,1,1,0,0,7,5,0,0,1,0,0,0,0,1,12,47,0,0
1,0,3,1,1,0,0,7,5,0,0,1,0,0,0,0,1,12,47,0,0
0,0,0,0,1,0,0,7,13,0,0,0,1,2,0,0,1,20,48,0,0
0,0,0,0,1,0,0,7,13,0,0,0,1,2,0,0,1,20,48,0,0
0,0,0,0,1,0,0,7,13,0,0,0,1,2,0,0,1,20,48,0,0
0,0,0,0,1,0,0,7,13,0,0,0,1,2,0,0,1,20,48,0,0
0,0,0,0,1,0,0,7,13,0,0,0,1,2,0,0,1,20,48,0,0
0,0,0,0,1,0,0,7,13,0,0,0,1,2,0,0,1,20,48,0,0
0,0,0,0,1,0,0,7,13,0,0,0,1,2,0,0,1,20,48,0,0
0,0,0,0,1,0,0,7,13,0,0,0,1,2,0,0,1,20,48,0,0
0,0,0,0,1,0,0,7,13,0,0,0,1,2,0,0,1,20,48,0,0
165,87,17,0,1,0,0,2,2,0,0,0,1,0,0,1,0,4,18,0,0
0,0,0,0,1,0,1,12,5,2,0,0,1,0,0,0,1,17,72,0,2
0,0,0,0,1,0,0,7,13,0,0,0,1,2,0,0,1,20,48,0,0
0,0,0,0,1,0,0,7,13,0,0,0,1,2,0,0,1,20,48,0,0
0,0,0,0,1,0,0,7,13,0,0,0,1,2,0,0,1,20,48,0,0
0,0,0,0,1,0,0,7,13,0,0,0,1,2,0,0,1,20,48,0,0
0,0,0,0,1,0,0,7,13,0,0,0,1,2,0,0,1,20,48,0,0
0,0,0,0,1,0,0,8,2,0,0,0,1,0,0,0,1,10,53,0,0
1352,0,2,0,1,0,0,52,33,55,0,0,1,0,0,0,1,85,331,0,0
4674,52,9,1,1,0,0,1,2,0,0,0,1,0,0,1,0,3,13,0,0
1,0,7,1,1,0,0,0,1,0,0,0,1,0,0,0,1,1,2,0,0
1,0,1,1,0,0,0,8,3,0,0,0,1,0,0,0,1,11,41,0,0
2984,0,36,1,0,1,1,26,23,10,0,0,1,0,0,0,1,49,202,0,0
39,0,0,0,6,0,6,70,33,8,0,0,1,0,0,0,1,103,442,0,1
85354,0,372,0,1,0,0,3,4,1,0,0,1,0,0,0,1,7,39,0,0
1,0,0,1,0,0,0,8,2,0,0,0,1,0,1,0,1,10,35,0,0
1,0,0,1,0,0,0,8,2,0,0,0,1,0,1,0,1,10,35,0,0
4800,0,37,0,1,0,0,15,4,0,0,0,1,0,0,0,1,19,68,0,3
0,0,0,1,1,0,1,42,10,0,0,0,1,0,0,0,1,52,202,0,0
653,0,0,3,1,0,0,3,7,0,0,0,1,0,0,0,1,10,38,0,0
134947,0,526,0,1,0,0,7,4,3,0,0,1,0,0,0,1,11,45,0,1
0,0,0,0,0,0,0,2,2,0,0,0,1,0,0,0,1,4,13,0,0
3965,0,430,0,0,1,1,30,29,8,0,0,1,0,0,0,1,59,248,0,1
852,0,7,0,1,0,0,0,0,0,0,0,1,0,0,0,1,0,0,0,0
0,0,0,0,0,0,0,2,2,0,0,0,1,0,0,0,1,4,13,0,0
0,0,0,0,0,0,0,2,2,0,0,0,1,0,0,0,1,4,13,0,0
0,0,0,0,0,0,0,2,2,0,0,0,1,0,0,0,1,4,13,0,0
0,0,0,0,0,0,0,2,2,0,0,0,1,0,0,0,1,4,13,0,0
18255,0,54,0,1,0,0,23,9,0,0,0,1,0,0,0,1,32,156,0,0
3965,0,430,0,0,1,1,30,29,8,0,0,1,0,0,0,1,59,248,0,1
106,0,0,0,1,0,0,9,0,0,0,0,1,0,0,0,1,9,38,0,0
1310,0,3,0,1,0,0,14,2,0,0,0,1,0,0,0,1,16,54,0,1
4218,0,86,0,1,0,0,13,2,0,0,0,1,0,0,0,1,15,54,0,0
30859,0,81,0,1,0,0,11,4,2,0,0,1,0,0,0,1,15,53,0,0
0,0,0,0,1,0,0,2,2,0,0,0,1,0,0,0,1,4,17,0,0
602,0,2,0,0,0,0,19,8,4,0,0,1,0,0,0,1,27,116,0,0
22995,0,422,0,1,0,2,8,5,0,0,0,1,0,0,0,1,13,49,0,1
792,0,14,0,0,0,0,38,11,6,0,0,1,0,0,0,1,49,215,0,0
7412,0,22,0,1,0,0,8,2,0,0,0,1,0,0,0,1,10,42,0,0
6681,0,24,0,1,0,0,16,2,0,0,0,1,0,0,0,1,18,70,0,0
17005,0,249,0,1,0,0,10,2,0,0,0,1,0,0,0,1,12,40,0,0
45083,0,677,0,1,0,0,13,4,0,0,0,1,0,0,0,1,17,62,2,0
33750,0,221,0,1,0,1,10,5,4,0,0,1,0,0,0,1,15,72,0,0
20977,0,50,0,1,0,0,9,2,0,0,0,1,0,0,0,1,11,42,1,0
25385,0,65,0,1,0,0,9,4,1,0,0,1,0,0,0,1,13,75,0,0
8600,0,229,0,1,0,0,9,5,0,0,0,1,0,0,0,1,14,63,0,0
16114,0,280,0,1,0,0,15,3,0,0,0,1,0,0,0,1,18,68,1,1
12625,0,197,0,1,0,0,20,4,0,0,0,1,0,0,0,1,24,82,0,2
53041,0,263,0,1,0,1,11,9,3,0,0,1,0,0,0,1,20,100,0,0
53041,0,263,0,1,0,1,11,9,3,0,0,1,0,0,0,1,20,100,0,0
21781,0,77,0,1,0,0,11,2,0,0,0,1,0,0,0,1,13,54,0,0
53041,0,263,0,1,0,1,11,9,3,0,0,1,0,0,0,1,20,100,0,0
53041,0,263,0,1,0,1,11,9,3,0,0,1,0,0,0,1,20,100,0,0
13778,0,87,0,1,0,0,9,4,0,0,0,1,0,0,0,1,13,57,0,0
53041,0,263,0,1,0,1,11,9,3,0,0,1,0,0,0,1,20,100,0,0
53041,0,263,0,1,0,1,11,9,3,0,0,1,0,0,0,1,20,100,0,0
53041,0,263,0,1,0,1,11,9,3,0,0,1,0,0,0,1,20,100,0,0
12709,0,126,4,1,0,0,0,1,0,0,0,1,0,0,0,1,1,2,0,0
44369,0,1041,0,1,0,0,8,2,0,0,0,1,0,0,0,1,10,39,0,1
53041,0,263,0,1,0,1,11,9,3,0,0,1,0,0,0,1,20,100,0,0
2,0,0,0,0,0,0,33,9,2,0,0,1,0,0,0,1,42,162,0,0
26763,0,108,0,1,0,0,10,1,0,0,0,1,0,0,0,1,11,49,0,0
66324,0,134,0,1,0,0,4,2,0,0,0,1,0,0,0,1,6,23,0,0
0,0,0,0,3,0,0,114,33,3,0,0,1,0,0,0,1,147,571,0,0
19307,0,434,0,1,0,0,13,5,0,0,0,1,0,0,0,1,18,91,0,0
19307,0,434,0,1,0,0,13,5,0,0,0,1,0,0,0,1,18,91,0,0
0,0,0,0,3,0,0,114,33,3,0,0,1,0,0,0,1,147,571,0,0
0,0,0,0,3,0,0,114,33,3,0,0,1,0,0,0,1,147,571,0,0
0,0,0,0,3,0,0,114,33,3,0,0,1,0,0,0,1,147,571,0,0
100,0,7,1,1,0,0,5,1,0,0,0,1,0,0,0,1,6,24,0,0
100,0,7,1,1,0,0,5,1,0,0,0,1,0,0,0,1,6,24,0,0
100,0,7,1,1,0,0,5,1,0,0,0,1,0,0,0,1,6,24,0,0
100,0,7,1,1,0,0,5,1,0,0,0,1,0,0,0,1,6,24,0,0
1,0,0,0,0,0,0,4,6,0,0,0,1,0,0,0,1,10,38,0,8
100,0,7,1,1,0,0,5,1,0,0,0,1,0,0,0,1,6,24,0,0
100,0,7,1,1,0,0,5,1,0,0,0,1,0,0,0,1,6,24,0,0
100,0,7,1,1,0,0,5,1,0,0,0,1,0,0,0,1,6,24,0,0
100,0,7,1,1,0,0,5,1,0,0,0,1,0,0,0,1,6,24,0,0
100,0,7,1,1,0,0,5,1,0,0,0,1,0,0,0,1,6,24,0,0
100,0,7,1,1,0,0,5,1,0,0,0,1,0,0,0,1,6,24,0,0
100,0,7,1,1,0,0,5,1,0,0,0,1,0,0,0,1,6,24,0,0
100,0,7,1,1,0,0,5,1,0,0,0,1,0,0,0,1,6,24,0,0
100,0,7,1,1,0,0,5,1,0,0,0,1,0,0,0,1,6,24,0,0
100,0,7,1,1,0,0,5,1,0,0,0,1,0,0,0,1,6,24,0,0
3,0,10,1,1,0,0,27,8,0,0,0,1,0,0,0,1,35,115,0,3
15120,0,111,0,1,0,1,21,7,0,0,0,1,0,0,0,1,28,106,0,3
184888,0,1045,0,1,0,1,13,5,0,0,0,1,0,0,0,1,18,68,0,0
184888,0,1045,0,1,0,1,13,5,0,0,0,1,0,0,0,1,18,68,0,0
184888,0,1045,0,1,0,1,13,5,0,0,0,1,0,0,0,1,18,68,0,0
184888,0,1045,0,1,0,1,13,5,0,0,0,1,0,0,0,1,18,68,0,0
3,0,15,0,1,0,0,5,1,0,0,0,1,0,1,0,1,6,21,0,0
3,0,6,0,1,0,1,15,8,0,0,0,1,1,0,0,1,23,91,0,0
3,0,19,0,0,0,0,0,5,0,0,0,1,0,0,0,1,5,31,0,0
3,0,19,0,0,0,0,0,5,0,0,0,1,0,0,0,1,5,31,0,0
3,0,19,0,0,0,0,0,5,0,0,0,1,0,0,0,1,5,31,0,0
3,0,19,0,0,0,0,0,5,0,0,0,1,0,0,0,1,5,31,0,0
20,0,0,0,1,0,0,18,4,0,0,0,1,0,0,0,1,22,86,0,0
20,0,0,0,1,0,0,18,4,0,0,0,1,0,0,0,1,22,86,0,0
3,0,0,0,0,0,0,6,0,0,0,0,1,0,1,0,1,6,22,0,0
640,0,0,0,3,0,0,49,13,0,0,1,0,0,0,0,1,62,258,0,0
640,0,0,0,3,0,0,49,13,0,0,1,0,0,0,0,1,62,258,0,0
640,0,0,0,3,0,0,49,13,0,0,1,0,0,0,0,1,62,258,0,0
640,0,0,0,3,0,0,49,13,0,0,1,0,0,0,0,1,62,258,0,0
640,0,0,0,3,0,0,49,13,0,0,1,0,0,0,0,1,62,258,0,0
640,0,0,0,3,0,0,49,13,0,0,1,0,0,0,0,1,62,258,0,0
2351,0,40,0,1,0,2,11,12,7,0,0,1,0,0,0,1,23,90,0,1
2351,0,40,0,1,0,2,11,12,7,0,0,1,0,0,0,1,23,90,0,1
2351,0,40,0,1,0,2,11,12,7,0,0,1,0,0,0,1,23,90,0,1
2351,0,40,0,1,0,2,11,12,7,0,0,1,0,0,0,1,23,90,0,1
2351,0,40,0,1,0,2,11,12,7,0,0,1,0,0,0,1,23,90,0,1
2351,0,40,0,1,0,2,11,12,7,0,0,1,0,0,0,1,23,90,0,1
2351,0,40,0,1,0,2,11,12,7,0,0,1,0,0,0,1,23,90,0,1
2351,0,40,0,1,0,2,11,12,7,0,0,1,0,0,0,1,23,90,0,1
2351,0,40,0,1,0,2,11,12,7,0,0,1,0,0,0,1,23,90,0,1
2351,0,40,0,1,0,2,11,12,7,0,0,1,0,0,0,1,23,90,0,1
2351,0,40,0,1,0,2,11,12,7,0,0,1,0,0,0,1,23,90,0,1
2351,0,40,0,1,0,2,11,12,7,0,0,1,0,0,0,1,23,90,0,1
2351,0,40,0,1,0,2,11,12,7,0,0,1,0,0,0,1,23,90,0,1
2351,0,40,0,1,0,2,11,12,7,0,0,1,0,0,0,1,23,90,0,1
2351,0,40,0,1,0,2,11,12,7,0,0,1,0,0,0,1,23,90,0,1
2351,0,40,0,1,0,2,11,12,7,0,0,1,0,0,0,1,23,90,0,1
13943,0,115,0,1,0,1,10,6,0,0,0,1,0,0,0,1,16,71,1,0
64778,0,435,0,1,0,0,14,3,0,0,0,1,0,0,0,1,17,67,0,0
34739,0,410,0,1,0,0,13,4,0,0,0,1,0,0,0,1,17,82,0,0
3,0,1,0,0,0,0,10,1,0,0,0,1,0,0,0,1,11,41,0,0
3,0,1,0,0,0,0,10,1,0,0,0,1,0,0,0,1,11,41,0,0
16717,0,124,0,1,0,1,33,11,0,0,0,1,0,0,0,1,44,168,0,2
5847,0,46,0,1,0,0,4,4,0,0,0,1,0,0,0,1,8,37,0,0
3,0,0,2,0,0,0,23,2,0,0,0,1,0,0,0,1,25,91,0,0
3,0,0,2,0,0,0,23,2,0,0,0,1,0,0,0,1,25,91,0,0
3,0,0,2,0,0,0,23,2,0,0,0,1,0,0,0,1,25,91,0,0
3,0,0,2,0,0,0,23,2,0,0,0,1,0,0,0,1,25,91,0,0
16782,0,63,0,1,0,0,10,5,0,0,0,1,0,0,0,1,15,70,0,1
39803,0,394,0,1,0,0,8,2,2,0,0,1,0,0,0,1,10,38,0,0
72495,0,848,0,1,0,1,25,9,0,0,0,1,0,0,0,1,34,132,0,0
7118,0,53,0,1,0,1,19,7,1,0,0,1,0,0,0,1,26,115,0,2
7118,0,53,0,1,0,1,19,7,1,0,0,1,0,0,0,1,26,115,0,2
7118,0,53,0,1,0,1,19,7,1,0,0,1,0,0,0,1,26,115,0,2
7118,0,53,0,1,0,1,19,7,1,0,0,1,0,0,0,1,26,115,0,2
7118,0,53,0,1,0,1,19,7,1,0,0,1,0,0,0,1,26,115,0,2
4,0,0,0,1,0,0,2,3,0,0,0,1,0,0,0,1,5,15,0,0
0,0,0,0,1,0,0,13,0,0,0,1,0,0,1,0,1,13,46,0,0
0,0,0,0,1,0,0,13,0,0,0,1,0,0,1,0,1,13,46,0,0
872,0,16,0,1,0,1,35,3,0,0,0,1,0,0,0,1,38,135,0,0
872,0,16,0,1,0,1,35,3,0,0,0,1,0,0,0,1,38,135,0,0
3,0,1,0,0,0,0,2,4,0,0,0,1,0,0,0,1,6,23,0,0
3,0,1,0,0,0,0,2,4,0,0,0,1,0,0,0,1,6,23,0,0
3,0,1,0,0,0,0,2,4,0,0,0,1,0,0,0,1,6,23,0,0
2,0,0,0,0,0,0,10,0,0,0,0,1,0,0,0,1,10,35,0,0
2,0,0,0,0,0,0,10,0,0,0,0,1,0,0,0,1,10,35,0,0
3,0,0,0,1,0,0,8,7,0,0,0,1,0,0,0,1,15,55,0,0
58,0,0,0,1,0,1,12,5,0,0,0,1,0,0,0,1,17,101,0,2
3,0,0,0,1,0,0,8,7,0,0,0,1,0,0,0,1,15,55,0,0
58,0,0,0,1,0,1,12,5,0,0,0,1,0,0,0,1,17,101,0,2
3,0,0,0,1,0,0,8,7,0,0,0,1,0,0,0,1,15,55,0,0
58,0,0,0,1,0,1,12,5,0,0,0,1,0,0,0,1,17,101,0,2
58,0,0,0,1,0,1,12,5,0,0,0,1,0,0,0,1,17,101,0,2
58,0,0,0,1,0,1,12,5,0,0,0,1,0,0,0,1,17,101,0,2
58,0,0,0,1,0,1,12,5,0,0,0,1,0,0,0,1,17,101,0,2
0,0,0,0,1,0,0,13,4,0,0,0,1,0,0,0,1,17,72,0,0
58,0,0,0,1,0,1,12,5,0,0,0,1,0,0,0,1,17,101,0,2
0,0,0,0,1,0,0,13,4,0,0,0,1,0,0,0,1,17,72,0,0
58,0,0,0,1,0,1,12,5,0,0,0,1,0,0,0,1,17,101,0,2
58,0,0,0,1,0,1,12,5,0,0,0,1,0,0,0,1,17,101,0,2
58,0,0,0,1,0,1,12,5,0,0,0,1,0,0,0,1,17,101,0,2
5,0,0,0,0,0,0,0,0,0,0,0,1,0,0,0,1,0,0,0,0
58,0,0,0,1,0,1,12,5,0,0,0,1,0,0,0,1,17,101,0,2
5,0,0,0,0,0,0,0,0,0,0,0,1,0,0,0,1,0,0,0,0
9,0,0,0,1,0,0,0,0,0,0,0,1,0,0,0,1,0,0,0,0
9,0,0,0,1,0,0,0,0,0,0,0,1,0,0,0,1,0,0,0,0
9,0,0,0,1,0,0,0,0,0,0,0,1,0,0,0,1,0,0,0,0
330,0,35,0,0,1,0,0,0,0,0,0,1,0,0,0,1,0,0,0,0
146,0,4,0,1,0,1,12,5,2,0,0,1,0,0,0,1,17,72,0,2
3,0,2,0,0,0,0,1,2,0,0,0,1,0,0,0,1,3,16,0,0
616,0,7,1,1,0,1,0,1,0,0,0,1,0,0,0,1,1,2,0,0
2580,0,14,0,1,0,0,15,9,5,0,0,1,0,0,0,1,24,88,0,2
11107,0,316,1,1,0,6,13,4,0,0,0,1,0,0,0,1,17,66,0,0
567,0,10,0,1,0,0,10,1,0,0,0,1,0,0,0,1,11,43,0,0
2522,0,11,0,1,0,1,137,26,17,0,0,1,0,0,0,1,163,687,0,0
1027,0,21,0,1,0,0,5,10,7,0,0,1,0,0,0,1,15,38,0,0
3,0,10,0,1,0,0,4,3,0,0,0,1,0,0,0,1,7,30,0,0
0,0,0,0,1,0,0,3,2,0,0,0,1,0,0,1,0,5,21,0,0
4,0,1,0,1,0,0,31,5,0,0,0,1,0,0,0,1,36,144,0,0
9,0,0,0,1,0,1,80,14,1,0,0,1,0,0,1,0,94,366,0,1
439,0,4,0,1,0,2,102,15,9,0,0,1,0,0,0,1,117,540,0,0
1,0,0,0,0,0,0,8,2,0,0,0,1,0,0,0,1,10,39,0,0
1,0,0,0,0,0,0,1,0,0,0,0,1,0,0,0,1,1,2,0,0
6092,223,72,2,1,0,0,13,2,0,0,0,1,0,0,1,0,15,55,0,0
7718,0,158,0,1,0,0,2,1,0,0,0,1,0,0,0,1,3,15,0,0
2,1,2,0,1,0,0,0,0,0,0,0,1,0,0,0,1,0,0,0,0
3020,0,32,2,1,0,4,19,41,0,0,0,1,0,0,0,1,60,313,0,3
3,0,0,0,0,0,0,5,5,0,0,0,1,0,1,0,1,10,32,2,2
3,0,0,0,0,0,0,5,5,0,0,0,1,0,1,0,1,10,32,2,2
21716,0,159,0,1,0,0,10,7,0,0,0,1,0,0,0,1,17,59,0,1
18112,0,32,1,1,0,1,11,10,0,0,0,1,0,0,0,1,21,113,0,0
89,0,0,0,1,0,0,3,2,0,0,0,1,0,0,0,1,5,21,0,0
3,0,0,0,0,0,0,5,5,0,0,0,1,0,1,0,1,10,32,2,2
56355,0,415,0,1,0,0,9,3,0,0,0,1,0,0,0,1,12,61,0,0
18112,0,32,1,1,0,1,11,10,0,0,0,1,0,0,0,1,21,113,0,0
3,0,0,0,0,0,0,5,5,0,0,0,1,0,1,0,1,10,32,2,2
2069,0,242,0,0,1,1,11,25,20,0,0,1,0,0,0,1,36,171,1,0
7099,0,770,0,0,1,1,30,29,8,0,0,1,0,0,0,1,59,248,0,1
2320,0,293,0,1,0,1,7,1,0,0,0,1,0,0,0,1,8,25,0,0
1319,0,49,1,0,1,1,6,9,0,0,0,1,0,0,0,1,15,48,0,1
846,0,90,0,3,0,3,53,17,2,0,0,1,0,0,0,1,70,314,1,0
1640,0,21,0,1,0,1,5,2,0,0,0,1,0,0,0,1,7,38,0,0
3,0,4,0,0,0,0,33,9,2,0,0,1,0,0,0,1,42,162,0,0
3,0,4,0,0,0,0,33,9,2,0,0,1,0,0,0,1,42,162,0,0
14726,0,54,0,1,0,0,6,2,0,0,0,1,0,0,0,1,8,33,0,2
3,0,7,0,0,0,0,13,3,0,0,0,1,0,0,0,1,16,51,0,0
1,0,8,0,5,0,0,5,3,0,0,0,1,0,0,0,1,8,32,0,0
14,0,1,0,1,0,0,12,3,0,0,0,1,0,0,0,1,15,63,0,0
3,0,47,0,2,0,0,0,0,0,0,0,1,1,0,0,1,0,0,0,0
1,0,1,0,1,0,0,12,3,0,0,0,1,0,0,0,1,15,63,0,0
207577,0,13319,0,1,0,1,8,26,20,0,0,1,0,0,0,1,34,162,1,1
10352,0,13,0,1,0,0,10,5,0,0,0,1,0,0,0,1,15,54,0,0
0,0,0,0,1,0,0,15,4,0,0,0,1,0,0,0,1,19,67,1,0
2,0,1,0,1,0,0,7,3,0,0,0,1,0,0,0,1,10,36,0,0
3,0,1,0,1,0,0,0,0,0,0,0,1,0,0,0,1,0,0,0,0
20756,0,115,0,1,0,1,35,12,0,0,0,1,0,0,0,1,47,181,1,0
1,0,9,0,1,0,0,5,0,0,0,0,1,0,0,0,1,5,17,0,0
3,0,0,0,1,0,0,16,3,0,0,0,1,0,0,0,1,19,61,0,0
0,0,0,0,0,0,0,14,6,0,0,0,1,0,0,0,1,20,80,0,0
1,0,1,0,0,0,0,2,1,0,0,0,1,0,0,0,1,3,12,0,0
35,0,1,0,1,0,0,12,3,0,0,0,1,0,0,0,1,15,63,0,0
2,0,5,0,1,0,0,0,0,0,0,0,1,0,0,0,1,0,0,0,0
43430,0,682,0,0,1,1,39,5,0,0,0,1,0,0,0,1,44,159,0,1
2,0,1,0,1,0,0,9,1,0,0,0,1,1,0,0,1,10,34,0,0
1,0,1,0,1,0,1,7,5,4,0,0,1,0,0,0,1,12,66,0,2
22,1,3,0,2,0,0,46,13,6,0,0,1,0,0,0,1,59,232,0,0
2,0,5,0,1,0,0,7,2,0,0,1,0,0,0,0,1,9,37,0,0
3,0,3,0,4,0,0,2,2,0,0,0,1,1,1,0,1,4,15,0,0
353,0,43,0,1,0,0,12,1,0,0,0,1,0,0,0,1,13,51,0,0
4532,0,183,0,1,0,1,311,110,56,0,0,1,0,0,0,1,421,1752,0,1
3,0,17,1,1,0,0,8,4,0,0,0,1,0,0,0,1,12,41,0,0
3,0,0,1,4,0,0,6,1,0,0,0,1,1,0,0,1,7,21,0,0
1,0,2,0,1,0,0,0,0,0,0,0,1,0,0,0,1,0,0,0,0
2,0,1,0,0,0,0,8,11,0,0,0,1,0,0,0,1,19,90,0,0
2,0,43,0,1,0,0,13,3,2,0,0,1,0,0,0,1,16,61,0,0
1,0,12,0,1,0,0,1,2,3,0,0,1,0,0,0,1,3,8,0,0
3,0,8,0,5,0,0,6,1,0,0,0,1,0,0,0,1,7,26,0,0
2,0,6,0,0,0,0,37,13,0,0,0,1,0,0,0,1,50,200,0,0
2,0,1,0,1,0,0,0,0,0,0,0,1,0,1,0,1,0,0,0,0
35,0,2,0,0,0,0,14,1,0,0,0,1,0,0,0,1,15,55,0,0
9125,0,98,0,0,1,1,6,6,1,0,0,1,0,0,0,1,12,66,0,0
1,0,0,0,2,0,0,21,3,0,0,0,1,0,0,0,1,24,85,0,0
2,0,0,0,1,0,0,7,2,0,0,0,1,0,0,0,1,9,47,0,0
0,0,0,0,1,0,0,0,2,0,0,0,1,0,0,0,1,2,14,0,0
1271,0,18,0,1,0,0,54,22,8,0,0,1,0,0,0,1,76,330,0,0
1,0,2,0,1,0,0,5,3,0,0,0,1,0,0,0,1,8,18,3,0
19784,0,185,3,1,0,0,19,4,0,0,0,1,0,0,0,1,23,88,0,0
0,0,0,0,1,0,0,0,2,0,0,0,1,0,0,0,1,2,14,0,0
2,0,14,1,1,0,0,5,4,2,0,0,1,0,0,0,1,9,33,0,0
95,0,0,0,1,0,0,13,3,0,0,0,1,0,0,0,1,16,67,0,0
2,0,1,0,0,1,1,8,3,4,0,0,1,0,0,0,1,11,47,0,0
202037,0,4228,0,4,0,0,282,50,33,0,0,1,0,0,0,1,332,1222,0,0
1,0,1,0,0,1,0,0,2,5,0,0,1,0,0,0,1,2,9,0,0
5613,0,60,0,4,0,1,137,66,35,0,0,1,2,0,0,1,203,801,0,0
138,0,0,0,1,0,1,23,5,0,0,0,1,0,0,0,1,28,120,0,2
1,0,5,0,1,0,0,39,3,0,0,0,1,0,1,0,1,42,154,0,0
0,0,0,0,1,0,0,4,5,0,0,0,1,0,0,0,1,9,38,0,0
3,0,0,0,1,0,0,8,3,0,0,0,1,0,0,0,1,11,32,0,0
2,0,1,2,0,0,0,34,7,0,0,0,1,0,0,0,1,41,157,0,0
640,0,38,0,1,0,1,7,3,0,0,0,1,0,0,0,1,10,50,0,0
3,0,1,0,1,0,0,16,1,0,0,0,1,0,0,0,1,17,57,0,0
40913,0,4618,0,0,1,1,15,26,23,0,0,1,0,0,0,1,41,184,1,0
3,0,0,0,1,0,0,10,1,0,0,0,1,0,0,0,1,11,44,0,0
9,0,0,0,0,1,0,5,0,0,0,0,1,0,0,0,1,5,16,0,0
185,0,8,0,1,0,0,0,7,0,0,0,1,0,0,0,1,7,27,0,0
185,0,8,0,1,0,0,0,7,0,0,0,1,0,0,0,1,7,27,0,0
139,0,0,0,1,0,0,5,1,0,0,0,1,0,0,0,1,6,25,0,0
436,0,11,0,1,0,0,2,2,0,0,0,1,0,0,0,1,4,23,0,0
84,0,8,0,1,0,0,4,5,0,0,0,1,0,0,0,1,9,27,0,0
6665,0,399,0,1,0,1,5,23,5,0,0,1,0,0,0,1,28,136,0,1
2853,0,31,0,0,1,2,50,29,10,0,0,1,0,0,0,1,79,412,0,2
26080,0,1926,0,1,0,0,44,14,0,0,0,1,0,0,0,1,58,223,0,4
3057,0,174,0,0,1,1,33,11,0,0,0,1,0,0,0,1,44,143,0,1
13912,0,1900,1,1,0,0,1,5,0,0,0,1,0,0,0,1,6,16,0,1
1389,0,5,0,1,0,0,15,6,0,0,0,1,0,0,0,1,21,71,0,2
128,0,1,0,1,0,0,5,0,0,0,0,1,0,0,0,1,5,21,0,0
1,0,1,0,1,0,0,0,0,0,0,0,1,0,0,0,1,0,0,0,0
7060,0,78,0,1,0,0,7,1,0,0,0,1,0,0,0,1,8,27,0,0
31,0,2,0,1,0,0,5,3,2,0,1,0,0,0,0,1,8,32,0,0
6,0,0,0,1,0,0,3,1,0,0,0,1,0,0,0,1,4,15,0,0
3,0,17,0,0,1,1,12,6,0,0,0,1,0,0,0,1,18,75,0,0
3,0,3,0,1,0,0,7,3,1,0,0,1,0,0,0,1,10,40,0,0
5,0,3,0,1,0,0,3,4,5,0,0,1,0,0,0,1,7,27,0,0
5,0,0,0,1,0,0,3,1,0,0,0,1,0,0,0,1,4,16,0,0
2,0,0,0,1,0,0,2,5,0,0,0,1,0,0,0,1,7,27,0,0
0,0,0,0,1,0,0,1,3,0,0,0,1,0,0,0,1,4,10,0,0
1,0,1,0,1,0,0,0,3,0,0,0,1,0,0,0,1,3,20,0,0
2,0,9,0,1,0,0,10,3,0,0,0,1,0,0,0,1,13,43,0,0
1,0,25,0,1,0,0,4,2,0,0,0,1,0,0,0,1,6,22,1,0
2,0,23,0,1,0,0,8,5,0,0,0,1,1,0,0,1,13,42,0,0
3,0,5,0,1,0,0,8,4,0,0,0,1,0,0,0,1,12,47,0,0
47,0,0,0,1,0,0,0,4,0,0,0,1,0,0,0,1,4,17,0,0
2,0,1,2,1,0,0,6,5,0,0,0,1,0,0,0,1,11,46,0,0
3,0,6,5,1,0,0,17,3,0,0,0,1,0,0,0,1,20,63,1,0
2,0,1,0,1,0,0,0,0,0,0,0,1,0,0,0,1,0,0,0,0
3,0,6,0,1,0,0,1,2,0,0,0,1,0,0,0,1,3,15,0,0
1,1,6,0,1,0,0,4,2,0,0,0,1,0,0,0,1,6,22,0,0
69,0,0,0,1,0,0,4,8,0,0,0,1,0,0,0,1,12,63,0,2
14097,0,1095,0,0,1,1,17,8,0,0,0,1,0,0,0,1,25,94,0,0
28,0,10,0,1,0,0,9,4,3,0,0,1,0,0,0,1,13,45,0,0
3967,0,283,0,1,0,0,12,4,0,0,0,1,0,0,0,1,16,84,0,0
37,0,0,0,1,0,0,3,6,1,0,0,1,0,0,0,1,9,55,0,0
1274,0,0,4,1,0,0,0,1,0,0,0,1,0,0,0,1,1,2,0,0
2110,0,7,4,1,0,0,0,1,0,0,0,1,0,0,0,1,1,2,0,0
9786,0,44,3,1,0,1,9,3,0,0,0,1,0,0,0,1,12,44,0,0
2281,0,2,4,1,0,0,0,1,0,0,0,1,0,0,0,1,1,2,0,0
2645,0,3,4,1,0,0,0,1,0,0,0,1,0,0,0,1,1,2,0,0
13796,0,291,0,1,0,0,21,1,0,0,0,1,0,0,0,1,22,80,0,0
3,0,1,0,1,0,0,1,1,0,0,0,1,0,0,0,1,2,9,0,0
49761,0,146,1,1,0,1,59,37,21,0,0,1,0,0,0,1,96,356,0,0
9175,0,26,0,1,0,0,26,5,0,0,0,1,0,0,0,1,31,129,0,0
17693,0,1709,0,1,0,0,0,0,0,0,0,1,0,0,0,1,0,0,0,0
1929,0,72,0,1,0,0,21,4,0,0,0,1,0,0,0,1,25,114,0,0
10202,0,28,0,1,0,0,15,4,1,0,0,1,0,0,0,1,19,77,0,2
2520,0,0,4,1,0,0,0,1,0,0,0,1,0,0,0,1,1,2,0,0
1859,0,121,0,1,0,1,11,10,5,0,0,1,0,0,0,1,21,78,0,0
3,0,1,0,1,0,0,8,4,6,0,0,1,0,1,0,1,12,56,0,0
3100,0,5,2,1,0,0,0,1,0,0,0,1,0,0,0,1,1,2,0,0
11356,0,207,0,1,0,0,22,10,1,0,0,1,0,0,0,1,32,122,0,2
1,0,0,0,1,0,0,1,0,0,0,0,1,0,0,0,1,1,5,0,0
0,0,2,0,1,0,0,15,2,0,0,0,1,0,0,0,1,17,56,0,0
4098,0,17,4,1,0,0,0,1,0,0,0,1,0,0,0,1,1,2,0,0
4724,0,155,0,1,0,0,0,3,0,0,0,1,0,0,0,1,3,28,0,0
35911,0,290,0,1,0,0,13,5,0,0,0,1,0,0,0,1,18,83,0,2
5420,0,773,0,1,0,0,16,8,0,0,0,1,0,0,0,1,24,78,0,0
12558,0,34,4,1,0,0,0,1,0,0,0,1,0,0,0,1,1,2,0,0
2950,0,5,4,1,0,0,0,1,0,0,0,1,0,0,0,1,1,2,0,0
5328,0,46,4,1,0,0,0,1,0,0,0,1,0,0,0,1,1,2,0,0
5632,0,6,4,1,0,0,0,1,0,0,0,1,0,0,0,1,1,2,0,0
6531,0,730,4,1,0,0,0,1,0,0,0,1,0,0,0,1,1,2,0,0
2961,0,0,4,1,0,0,0,1,0,0,0,1,0,0,0,1,1,2,0,0
51496,0,218,0,1,0,0,27,8,1,0,0,1,0,0,0,1,35,129,0,2
6798,0,8,4,1,0,0,0,1,0,0,0,1,0,0,0,1,1,2,0,0
5064,0,24,0,1,0,0,6,4,0,0,0,1,0,0,0,1,10,66,0,0
6798,0,8,4,1,0,0,0,1,0,0,0,1,0,0,0,1,1,2,0,0
7546,0,18,4,1,0,0,0,1,0,0,0,1,0,0,0,1,1,2,0,0
3943,0,0,4,1,0,0,0,1,0,0,0,1,0,0,0,1,1,2,0,0
7723,0,16,4,1,0,0,0,1,0,0,0,1,0,0,0,1,1,2,0,0
5633,0,6,4,1,0,0,0,1,0,0,0,1,0,0,0,1,1,2,0,0
3831,0,113,4,1,0,0,0,1,0,0,0,1,0,0,0,1,1,2,0,0
7594,0,41,4,1,0,0,0,1,0,0,0,1,0,0,0,1,1,2,0,0
10722,0,263,4,1,0,0,0,1,0,0,0,1,0,0,0,1,1,2,0,0
10268,0,58,4,1,0,0,0,1,0,0,0,1,0,0,0,1,1,2,0,0
1482,0,0,4,1,0,0,0,1,0,0,0,1,0,0,0,1,1,2,0,0
2335,0,7,4,1,0,0,0,1,0,0,0,1,0,0,0,1,1,2,0,0
5343,0,27,4,1,0,0,0,1,0,0,0,1,0,0,0,1,1,2,0,0
2460,0,0,4,1,0,0,0,1,0,0,0,1,0,0,0,1,1,2,0,0
17943,0,923,4,1,0,0,0,1,0,0,0,1,0,0,0,1,1,2,0,0
7698,0,63,4,1,0,0,0,1,0,0,0,1,0,0,0,1,1,2,0,0
2782,0,3,4,1,0,0,0,1,0,0,0,1,0,0,0,1,1,2,0,0
7147,0,67,4,1,0,0,0,1,0,0,0,1,0,0,0,1,1,2,0,0
2099,0,0,4,1,0,0,0,1,0,0,0,1,0,0,0,1,1,2,0,0
11251,0,46,4,1,0,0,0,1,0,0,0,1,0,0,0,1,1,2,0,0
2598,0,0,4,1,0,0,0,1,0,0,0,1,0,0,0,1,1,2,0,0
4231,0,24,0,1,0,0,9,8,0,0,0,1,0,0,0,1,17,71,0,1
3849,0,4,4,1,0,0,0,1,0,0,0,1,0,0,0,1,1,2,0,0
3398,0,91,4,1,0,0,0,1,0,0,0,1,0,0,0,1,1,2,0,0
3186,0,5,2,1,0,0,0,1,0,0,0,1,0,0,0,1,1,2,0,0
7166,0,35,0,1,0,0,10,3,1,0,0,1,0,0,0,1,13,51,0,0
32359,0,402,4,1,0,0,0,1,0,0,0,1,0,0,0,1,1,2,0,0
5206,0,6,4,1,0,0,0,1,0,0,0,1,0,0,0,1,1,2,0,0
7956,0,322,4,1,0,0,0,1,0,0,0,1,0,0,0,1,1,2,0,0
8199,0,4,4,1,0,0,0,1,0,0,0,1,0,0,0,1,1,2,0,0
8577,0,33,4,1,0,0,0,1,0,0,0,1,0,0,0,1,1,2,0,0
2699,0,18,0,1,0,0,5,4,0,0,0,1,0,0,0,1,9,38,0,1
8189,0,28,4,1,0,0,0,1,0,0,0,1,0,0,0,1,1,2,0,0
2132,0,0,4,1,0,0,0,1,0,0,0,1,0,0,0,1,1,2,0,0
10055,0,48,4,1,0,0,0,1,0,0,0,1,0,0,0,1,1,2,0,0
5826,0,3,2,1,0,0,10,4,0,0,0,1,0,0,0,1,14,49,0,0
6657,0,5,2,1,0,0,16,1,0,0,0,1,0,0,0,1,17,57,0,0
3652,0,2,2,1,0,0,3,2,1,0,0,1,0,0,0,1,5,14,0,0
9434,0,23,1,1,0,0,16,10,0,0,0,1,0,0,0,1,26,95,0,0
5350,0,13,4,1,0,0,0,1,0,0,0,1,0,0,0,1,1,2,0,0
94863,0,14609,0,1,0,1,20,9,8,0,0,1,0,0,0,1,29,118,0,0
188590,0,6397,0,1,0,0,0,0,0,0,0,1,0,0,0,1,0,0,0,0
139827,0,5688,0,1,0,0,0,0,0,0,0,1,0,0,0,1,0,0,0,0
4131,0,17,4,1,0,0,0,1,0,0,0,1,0,0,0,1,1,2,0,0
107156,0,1950,0,1,0,0,0,0,0,0,0,1,0,0,0,1,0,0,0,0
5072,0,2,4,1,0,0,0,1,0,0,0,1,0,0,0,1,1,2,0,0
609134,0,129699,0,1,0,0,0,0,0,0,0,1,0,0,0,1,0,0,0,0
8766,0,77,0,1,0,0,4,3,0,0,0,1,0,0,0,1,7,57,0,0
4267,0,4,4,1,0,0,0,1,0,0,0,1,0,0,0,1,1,2,0,0
164913,0,5514,0,1,0,0,144,23,4,0,0,1,0,0,0,1,167,730,0,0
12652,0,34,4,1,0,0,0,1,0,0,0,1,0,0,0,1,1,2,0,0
289940,0,42568,0,1,0,0,159,16,6,0,0,1,0,0,0,1,175,681,0,0
3455,0,3,4,1,0,0,0,1,0,0,0,1,0,0,0,1,1,2,0,0
2969,0,5,4,1,0,0,0,1,0,0,0,1,0,0,0,1,1,2,0,0
271550,0,6069,0,4,0,0,15,3,0,0,0,1,0,0,0,1,18,78,0,0
5363,0,46,4,1,0,0,0,1,0,0,0,1,0,0,0,1,1,2,0,0
148550,0,2919,0,4,0,0,16,5,0,0,0,1,0,0,0,1,21,94,0,0
7738,0,284,4,1,0,0,0,1,0,0,0,1,0,0,0,1,1,2,0,0
186221,0,5568,0,1,0,0,202,21,7,0,0,1,0,0,0,1,223,814,0,0
5656,0,6,4,1,0,0,0,1,0,0,0,1,0,0,0,1,1,2,0,0
6572,0,735,4,1,0,0,0,1,0,0,0,1,0,0,0,1,1,2,0,0
65385,0,1024,0,1,0,0,11,3,0,0,0,1,0,0,0,1,14,69,0,0
304524,0,8913,0,1,0,0,121,29,9,0,0,1,0,0,0,1,150,576,0,0
2973,0,0,4,1,0,0,0,1,0,0,0,1,0,0,0,1,1,2,0,0
4251,0,161,4,1,0,0,0,1,0,0,0,1,0,0,0,1,1,2,0,0
853,0,0,0,1,0,1,12,4,4,0,0,1,0,0,0,1,16,71,0,0
214692,0,3230,0,4,0,0,10,3,0,0,0,1,0,0,0,1,13,65,0,0
6831,0,8,4,1,0,0,0,1,0,0,0,1,0,0,0,1,1,2,0,0
123711,0,2900,0,1,0,0,304,21,2,0,0,1,0,0,0,1,325,1232,0,0
5333,0,145,4,1,0,0,0,1,0,0,0,1,0,0,0,1,1,2,0,0
7574,0,18,4,1,0,0,0,1,0,0,0,1,0,0,0,1,1,2,0,0
19035,0,385,0,1,0,0,0,0,0,0,0,1,0,0,0,1,0,0,0,0
3960,0,0,4,1,0,0,0,1,0,0,0,1,0,0,0,1,1,2,0,0
34460,0,496,0,1,0,0,0,0,0,0,0,1,0,0,0,1,0,0,0,0
3334,0,64,4,1,0,0,0,1,0,0,0,1,0,0,0,1,1,2,0,0
7744,0,16,4,1,0,0,0,1,0,0,0,1,0,0,0,1,1,2,0,0
129568,0,2304,0,4,0,0,8,2,0,0,0,1,0,0,0,1,10,48,0,0
3788,0,78,4,1,0,0,0,1,0,0,0,1,0,0,0,1,1,2,0,0
235699,0,4841,0,4,0,0,13,6,0,0,0,1,0,0,0,1,19,86,0,0
188523,0,3558,0,1,0,0,143,22,2,0,0,1,0,0,0,1,165,657,0,0
3849,0,114,4,1,0,0,0,1,0,0,0,1,0,0,0,1,1,2,0,0
4065,0,237,4,1,0,0,0,1,0,0,0,1,0,0,0,1,1,2,0,0
210639,0,3456,0,4,0,0,10,8,0,0,0,1,0,0,0,1,18,92,0,0
7618,0,41,4,1,0,0,0,1,0,0,0,1,0,0,0,1,1,2,0,0
13976,0,304,2,1,0,0,0,1,0,0,0,1,0,0,0,1,1,2,0,0
10759,0,264,4,1,0,0,0,1,0,0,0,1,0,0,0,1,1,2,0,0
10759,0,264,4,1,0,0,0,1,0,0,0,1,0,0,0,1,1,2,0,0
299795,0,8210,0,4,0,0,15,8,0,0,0,1,0,0,0,1,23,114,0,0
3736,0,429,1,1,0,0,16,2,0,0,0,1,0,0,0,1,18,70,0,0
3567,0,40,4,1,0,0,0,1,0,0,0,1,0,0,0,1,1,2,0,0
251225,0,11589,0,4,0,0,22,12,0,0,0,1,0,0,0,1,34,176,0,0
10301,0,58,4,1,0,0,0,1,0,0,0,1,0,0,0,1,1,2,0,0
35219,0,2738,0,1,0,1,19,7,0,0,0,1,0,0,0,1,26,99,0,1
243762,0,8109,0,4,0,0,10,6,0,0,0,1,0,0,0,1,16,80,0,0
24682,0,48,2,1,0,0,0,1,0,0,0,1,0,0,0,1,1,2,0,0
156716,0,2938,0,4,0,0,9,4,0,0,0,1,0,0,0,1,13,63,0,0
181776,0,2633,0,1,0,0,69,20,10,0,0,1,0,0,0,1,89,383,0,0
189843,0,3858,0,4,0,0,9,10,0,0,0,1,0,0,0,1,19,110,0,0
2594,0,44,4,1,0,0,0,1,0,0,0,1,0,0,0,1,1,2,0,0
191087,0,5670,0,4,0,0,16,11,0,0,0,1,0,0,0,1,27,141,0,0
17992,0,925,4,1,0,0,0,1,0,0,0,1,0,0,0,1,1,2,0,0
411268,0,12144,0,4,0,0,6,1,0,0,0,1,0,0,0,1,7,31,0,0
458201,0,20621,0,1,0,0,0,0,0,0,0,1,0,0,0,1,0,0,0,0
69789,0,1717,0,1,0,0,0,0,0,0,0,1,0,0,0,1,0,0,0,0
5181,0,105,0,1,0,0,0,0,0,0,0,1,0,0,0,1,0,0,0,0
273920,0,7846,0,1,0,0,0,0,0,0,0,1,0,0,0,1,0,0,0,0
26900,0,2075,0,0,0,0,0,0,0,0,0,1,0,0,0,1,0,0,0,0
253715,0,14620,0,4,0,0,11,2,0,0,0,1,0,0,0,1,13,48,0,0
197734,0,6328,0,4,0,0,12,5,0,0,0,1,0,0,0,1,17,86,0,0
82038,0,4889,0,4,0,0,18,9,0,0,0,1,0,0,0,1,27,147,0,0
7721,0,63,4,1,0,0,0,1,0,0,0,1,0,0,0,1,1,2,0,0
24401,0,325,0,1,0,0,0,0,0,0,0,1,0,0,0,1,0,0,0,0
87301,0,2226,0,4,0,0,17,3,0,0,0,1,0,0,0,1,20,92,0,0
6295,0,134,0,1,0,0,0,0,0,0,0,1,0,0,0,1,0,0,0,0
60,0,0,0,1,0,2,54,17,22,0,0,1,0,0,0,1,71,274,0,0
44792,0,1972,0,4,0,0,15,4,5,0,0,1,0,0,0,1,19,73,0,0
44353,0,2919,0,4,0,0,19,13,11,0,0,1,0,0,0,1,32,176,0,0
70548,0,2275,0,4,0,0,18,1,0,0,0,1,0,0,0,1,19,99,0,0
148746,0,2987,0,4,0,0,10,4,0,0,0,1,0,0,0,1,14,63,0,0
341725,0,1929,0,1,0,0,0,0,0,0,0,1,0,0,0,1,0,0,0,0
95341,0,1921,0,4,0,0,11,3,0,0,0,1,0,0,0,1,14,66,0,0
13341,0,145,0,1,0,0,0,0,0,0,0,1,0,0,0,1,0,0,0,0
95925,0,2110,0,4,0,0,6,5,0,0,0,1,0,0,0,1,11,60,0,0
62185,0,1849,0,4,0,0,12,6,0,0,0,1,0,0,0,1,18,104,0,0
5977,0,100,0,1,0,0,0,0,0,0,0,1,0,0,0,1,0,0,0,0
100415,0,3889,0,4,0,0,19,7,7,0,0,1,0,0,0,1,26,111,0,0
63575,0,3901,0,4,0,0,24,3,0,0,0,1,0,0,0,1,27,130,0,0
103796,0,4390,0,4,0,0,24,9,0,0,0,1,0,0,0,1,33,145,0,0
13718,0,358,0,1,0,0,0,0,0,0,0,1,0,0,0,1,0,0,0,0
7171,0,67,4,1,0,0,0,1,0,0,0,1,0,0,0,1,1,2,0,0
77666,0,3944,0,4,0,0,24,6,8,0,0,1,0,0,0,1,30,133,0,0
32363,0,517,0,1,0,0,0,0,0,0,0,1,0,0,0,1,0,0,0,0
11278,0,46,4,1,0,0,0,1,0,0,0,1,0,0,0,1,1,2,0,0
11474,0,194,0,1,0,0,0,0,0,0,0,1,0,0,0,1,0,0,0,0
67359,0,1866,0,4,0,0,11,6,0,0,0,1,0,0,0,1,17,76,0,0
3412,0,92,4,1,0,0,0,1,0,0,0,1,0,0,0,1,1,2,0,0
54136,0,1842,0,4,0,0,13,5,0,0,0,1,0,0,0,1,18,98,0,0
62021,0,1877,0,4,0,0,13,5,0,0,0,1,0,0,0,1,18,90,0,0
66569,0,1826,0,4,0,0,16,6,0,0,0,1,0,0,0,1,22,102,0,0
57528,0,1864,0,4,0,0,16,4,0,0,0,1,0,0,0,1,20,98,0,0
62113,0,1683,0,4,0,0,21,5,0,0,0,1,0,0,0,1,26,118,0,0
32507,0,403,4,1,0,0,0,1,0,0,0,1,0,0,0,1,1,2,0,0
79474,0,2648,0,4,0,0,12,4,0,0,0,1,0,0,0,1,16,73,0,0
24955,0,1764,0,1,0,0,106,10,0,0,0,1,0,0,0,1,116,464,0,0
85138,0,2432,0,4,0,0,17,4,0,0,0,1,0,0,0,1,21,86,0,0
2300,0,159,0,1,0,0,39,8,0,0,0,1,0,0,0,1,47,178,0,0
69357,0,2295,0,4,0,0,17,6,0,0,0,1,0,0,0,1,23,114,0,0
110677,0,3832,0,4,0,0,7,3,0,0,0,1,0,0,0,1,10,49,0,0
98164,0,5967,0,4,0,0,0,0,0,0,0,1,0,0,0,1,0,0,0,0
86529,0,2471,0,4,0,0,16,3,0,0,0,1,0,0,0,1,19,104,0,0
87142,0,2636,0,4,0,0,23,5,4,0,0,1,0,0,0,1,28,121,0,0
126922,0,4801,0,4,0,0,23,9,0,0,0,1,0,0,0,1,32,148,0,0
1859,0,118,0,1,0,0,40,10,0,0,0,1,0,0,0,1,50,192,0,0
122827,0,7198,0,4,0,0,14,3,0,0,0,1,0,0,0,1,17,74,0,0
55769,0,2214,0,4,0,0,8,3,0,0,0,1,0,0,0,1,11,51,0,0
99523,0,6253,0,1,0,0,0,0,0,0,0,1,0,0,0,1,0,0,0,0
8600,0,33,4,1,0,0,0,1,0,0,0,1,0,0,0,1,1,2,0,0
7981,0,323,4,1,0,0,0,1,0,0,0,1,0,0,0,1,1,2,0,0
2433,0,179,0,1,0,0,42,15,3,0,0,1,0,0,0,1,57,203,0,0
8205,0,28,4,1,0,0,0,1,0,0,0,1,0,0,0,1,1,2,0,0
10081,0,48,4,1,0,0,0,1,0,0,0,1,0,0,0,1,1,2,0,0
5847,0,3,2,1,0,0,10,4,0,0,0,1,0,0,0,1,14,49,0,0
6687,0,5,2,1,0,0,16,1,0,0,0,1,0,0,0,1,17,57,0,0
3670,0,2,2,1,0,0,3,2,1,0,0,1,0,0,0,1,5,14,0,0
9470,0,23,1,1,0,0,16,10,0,0,0,1,0,0,0,1,26,95,0,0
11250,0,35,0,1,0,0,26,5,0,0,0,1,0,0,0,1,31,129,0,0
5363,0,13,4,1,0,0,0,1,0,0,0,1,0,0,0,1,1,2,0,0
5086,0,2,4,1,0,0,0,1,0,0,0,1,0,0,0,1,1,2,0,0
54394,0,331,0,1,0,0,15,4,0,0,0,1,0,0,0,1,19,68,0,3
6,0,5,0,2,0,0,19,7,1,0,0,1,0,0,0,1,26,97,0,0
